1 8 -20 -8 5 1 0 0 0 1 0 0 0 1 3795.DAT
1 8 -20 -16 5 1 0 0 0 1 0 0 0 1 3795.DAT
1 1 -70 -16 -55 0 0 1 0 1 0 -1 0 0 3023.DAT
1 1 30 -16 -55 0 0 1 0 1 0 -1 0 0 3023.DAT
1 0 -70 -40 5 0 0 1 0 1 0 -1 0 0 3702.DAT
1 0 30 -40 5 0 0 1 0 1 0 -1 0 0 3702.DAT
1 0 -30 -40 5 0 0 1 0 1 0 -1 0 0 3700.DAT
1 8 30 -48 5 0 0 1 0 1 0 -1 0 0 3460.DAT
1 8 -70 -48 5 0 0 1 0 1 0 -1 0 0 3460.DAT
1 8 -30 -48 5 0 0 1 0 1 0 -1 0 0 3023.DAT
1 8 0 -56 5 -1 0 0 0 1 0 0 0 -1 3709B.DAT
1 0 -80 -30 65 -1 0 0 0 0.92388 -0.382683 0 -0.382683 -0.92388 32073.DAT
1 0 42 -30 65 -1 0 0 0 1 0 0 0 -1 32073.DAT
1 7 -110 -30 65 0 0 -1 0.382683 0.92388 0 0.92388 -0.382683 0 3647.DAT
1 7 -90 -30 65 0 0 -1 0.382683 0.92388 0 0.92388 -0.382683 0 3648.DAT
1 7 -50 -86 45 0 0 -1 0 1 0 1 0 0 3648.DAT
1 7 -50 -86 -35 0 0 -1 0 1 0 1 0 0 3648.DAT
1 7 70 -30 65 0 0 1 0 1 0 -1 0 0 3647.DAT
1 7 50 -30 65 0 0 1 0 1 0 -1 0 0 3648.DAT
1 7 50 -30 5 0 0 1 -0.382683 0.92388 0 -0.92388 -0.382683 0 3648.DAT
1 7 -90 -30 -55 0 0 -1 -1 0 0 0 1 0 3648.DAT
1 7 50 -30 -55 0 0 1 0 1 0 -1 0 0 3648.DAT
1 7 -20 -30 65 0 0 -1 1 0 0 0 -1 0 6573.DAT
1 7 -2 -30 65 0 0 -1 1 0 0 0 -1 0 6589.DAT
1 7 -37 -30 65 0 0 1 0.92388 0.382683 0 -0.382683 0.92388 0 6589.DAT
1 7 -20 -30 46 -0.300705 -0.953717 -0 0.953717 -0.300705 -0 0 -0 1 6589.DAT
1 7 -20 -30 -55 0 0 -1 1 0 0 0 -1 0 6573.DAT
1 7 -2 -30 -55 0 0 -1 1 0 0 0 -1 0 6589.DAT
1 7 -37 -30 -55 0 0 1 1 0 0 0 1 0 6589.DAT
1 7 -20 -30 -74 0.382683 -0.92388 0 0.92388 0.382683 0 0 0 1 6589.DAT
1 0 -61 -30 -55 -1 0 0 0 1 0 0 0 -1 3705.DAT
1 0 24 -30 -55 -1 0 0 0 1 0 0 0 -1 3705.DAT
1 7 40 -30 5 1 0 0 0 0.92388 0.382683 0 -0.382683 0.92388 3749.DAT
1 0 -70 -71 5 0 0 1 0 1 0 -1 0 0 3701.DAT
1 7 -80 -60 25 -1 0 0 0 1 0 0 0 -1 3749.DAT
1 7 -80 -60 -15 -1 0 -0 0 0.97437 0.224951 0 0.224951 -0.97437 3749.DAT
1 7 -90 -60 25 0 0 -1 -0 1 0 1 0 0 4019.DAT
1 7 -90 -60 -15 0 -0 -1 0.224951 -0.97437 0 -0.97437 -0.224951 -0 4019.DAT
1 7 0 -128.222 44.615 0 0 1 0 1 0 -1 0 0 71427C01.DAT
1 7 0 -127.222 -35.385 0 0 1 0 1 0 -1 0 0 71427C01.DAT
1 14 30 -56.222 75 0 0 1 0 1 0 -1 0 0 3024.DAT
1 14 30 -56.222 -65 0 0 1 0 1 0 -1 0 0 3024.DAT
1 0 -70 -95.222 5 0 0 1 0 1 0 -1 0 0 3700.DAT
1 0 -70 -135.222 5 0 0 1 0 1 0 -1 0 0 3700.DAT
1 0 -70 -103.222 5 0 0 1 0 1 0 -1 0 0 3023.DAT
1 0 -70 -111.222 5 0 0 1 0 1 0 -1 0 0 3023.DAT
1 8 0 -135.222 5 -1 0 0 0 1 0 0 0 -1 3709B.DAT
1 14 -20 -127.222 45 1 0 0 0 1 0 0 0 1 5306.DAT
1 14 -20 -127.222 -35 1 0 0 0 1 0 0 0 1 5306.DAT
1 8 -20 -143.222 5 -1 0 0 0 1 0 0 0 -1 32001.DAT
1 0 -20 -119.222 5 0 0 1 0 1 0 -1 0 0 3022.DAT
1 0 -20 -127.222 5 0 0 1 0 1 0 -1 0 0 3022.DAT
