0 FILE PNEUMATICENGINE.DAT
0 UNTITLED
0 NAME: PNEUMATICENGINE.DAT
0 AUTHOR: MLCAD
0 UNOFFICIAL MODEL
0 ROTATION CENTER 0 0 0 1 "CUSTOM" 
0 ROTATION CONFIG 0 0
1 7 30 0 -40 1 0 0 0 1 0 0 0 1 32001.DAT
1 7 30 0 -80 1 0 0 0 1 0 0 0 1 32001.DAT
1 7 150 0 120 1 0 0 0 1 0 0 0 1 2445.DAT
1 7 170 0 -160 1 0 0 0 1 0 0 0 1 3832.DAT
0 STEP
1 0 260 -24 -20 0 0 1 0 1 0 -1 0 0 3703.DAT
1 0 80 -24 -20 0 0 1 0 1 0 -1 0 0 3703.DAT
1 0 60 -24 -20 0 0 1 0 1 0 -1 0 0 3703.DAT
1 0 -20 -24 -100 0 0 1 0 1 0 -1 0 0 3702.DAT
1 0 130 -24 120 0 0 1 0 1 0 -1 0 0 3003.DAT
1 0 210 -24 120 0 0 1 0 1 0 -1 0 0 3003.DAT
1 0 160 -24 -100 0 0 1 0 1 0 -1 0 0 2730.DAT
1 0 180 -24 -100 0 0 1 0 1 0 -1 0 0 2730.DAT
0 STEP
1 0 100 -9 70 -1 0 0 0 0 1 0 1 0 VALVEASSEMBLY.LDR
1 0 300 -9 70 -1 0 0 0 0 1 0 1 0 VALVEASSEMBLY.LDR
1 0 40 -9 10 1 0 0 0 0 1 0 -1 0 VALVEASSEMBLY.LDR
0 STEP
1 7 20 -60 79 1 0 0 0 0 1 0 -1 0 3673.DAT
1 7 120 -60 4 1 0 0 0 0 1 0 -1 0 3673.DAT
1 7 220 -60 79 1 0 0 0 0 1 0 -1 0 3673.DAT
0 STEP
1 0 -20 -48 -100 0 0 1 0 1 0 -1 0 0 3702.DAT
1 0 60 -48 -20 0 0 1 0 1 0 -1 0 0 3703.DAT
1 0 80 -48 -20 0 0 1 0 1 0 -1 0 0 3703.DAT
1 0 130 -48 120 0 0 1 0 1 0 -1 0 0 3003.DAT
1 0 160 -48 -100 0 0 1 0 1 0 -1 0 0 2730.DAT
1 0 180 -48 -100 0 0 1 0 1 0 -1 0 0 2730.DAT
1 0 210 -48 120 0 0 1 0 1 0 -1 0 0 3003.DAT
1 0 260 -48 -20 0 0 1 0 1 0 -1 0 0 3703.DAT
0 STEP
1 0 130 -72 120 0 0 1 0 1 0 -1 0 0 3003.DAT
1 0 210 -72 120 0 0 1 0 1 0 -1 0 0 3003.DAT
0 STEP
1 0 60 -72 20 0 0 1 0 1 0 -1 0 0 3895.DAT
1 0 80 -72 20 0 0 1 0 1 0 -1 0 0 3895.DAT
1 0 260 -72 20 0 0 1 0 1 0 -1 0 0 3895.DAT
0 STEP
1 0 250 -62 -20 -1 0 0 0 1 0 0 0 -1 2780.DAT
1 0 250 -62 -80 -1 0 0 0 1 0 0 0 -1 2780.DAT
1 0 90 -62 -20 -1 0 0 0 1 0 0 0 -1 2780.DAT
1 0 90 -62 -80 -1 0 0 0 1 0 0 0 -1 2780.DAT
1 0 50 -62 -20 -1 0 0 0 1 0 0 0 -1 2780.DAT
1 0 50 -62 -80 -1 0 0 0 1 0 0 0 -1 2780.DAT
0 STEP
1 0 160 -72 -120 0 0 1 0 1 0 -1 0 0 3895.DAT
1 0 240 -72 -120 0 0 1 0 1 0 -1 0 0 3895.DAT
1 0 100 -72 -120 0 0 1 0 1 0 -1 0 0 3895.DAT
1 0 40 -72 -120 0 0 1 0 1 0 -1 0 0 3895.DAT
1 0 -20 -72 -120 0 0 1 0 1 0 -1 0 0 3895.DAT
1 0 180 -72 -120 0 0 1 0 1 0 -1 0 0 3895.DAT
0 STEP
1 7 30 -62 -120 -1 0 0 0 1 0 0 0 -1 3673.DAT
1 7 110 -62 -120 -1 0 0 0 1 0 0 0 -1 3673.DAT
1 7 150 -62 -120 -1 0 0 0 1 0 0 0 -1 3673.DAT
1 7 190 -62 -120 -1 0 0 0 1 0 0 0 -1 3673.DAT
1 7 230 -62 -120 -1 0 0 0 1 0 0 0 -1 3673.DAT
1 7 -10 -62 -120 -1 0 0 0 1 0 0 0 -1 3673.DAT
0 STEP
1 0 210 -64 -55 -1 0 0 0 0 -1 0 -1 0 2796.DAT
1 0 10 -60 -55 -1 0 0 0 0 -1 0 -1 0 2796.DAT
1 14 130 -63 -133 1 0 0 0 0 1 0 -1 0 2793.DAT
1 0 130 -63 -133 1 0 0 0 0 1 0 -1 0 2795.DAT
1 0 130 -60 -131 -1 0 0 0 0 -1 0 -1 0 2796.DAT
1 14 210 -63 -133 1 0 0 0 0 1 0 -1 0 2793.DAT
1 0 210 -63 -133 1 0 0 0 0 1 0 -1 0 2795.DAT
1 14 10 -63 -133 1 0 0 0 0 1 0 -1 0 2793.DAT
1 0 10 -63 -133 1 0 0 0 0 1 0 -1 0 2795.DAT
0 STEP
1 0 170 -80 120 -1 0 0 0 1 0 0 0 -1 3832.DAT
1 7 170 -80 -40 0 0 1 0 1 0 -1 0 0 3709B.DAT
1 7 170 -80 -220 -1 0 0 0 1 0 0 0 -1 3738.DAT
1 7 170 -88 60 0 0 -1 0 1 0 1 0 0 3738.DAT
1 7 170 -48 -220 -1 0 0 0 1 0 0 0 -1 3738.DAT
1 7 10 -80 -220 -1 0 0 0 1 0 0 0 -1 3709B.DAT
1 7 10 -48 -220 -1 0 0 0 1 0 0 0 -1 3709B.DAT
0 STEP
1 7 170 -20 40 0 0 1 1 0 0 0 1 0 4696.DAT
1 7 170 -20 102 0 -1 0 1 0 0 0 0 1 4696.DAT
0 STEP
0 SYNTH BEGIN PNEUMATIC_HOSE 16
0 SYNTH SHOW
0 MLCAD HIDE 1 7 170 -20 122 1 0 0 0 0 1 0 -1 0 LS00.DAT
0 MLCAD HIDE 1 7 170 -20 202 1 0 0 0 0 1 0 -1 0 LS00.DAT
0 SYNTH SYNTHESIZED BEGIN
1 16 170 -20 122 1 0 0 0 0 -1 0 -1 0 LS20.DAT
1 16 170 -20 122.437 1 0 0 0 0 1 0 1 0 LS21.DAT
1 16 170 -20 122.878 1 0 0 0 0 1 0 1 0 LS21.DAT
1 16 170 -20 123.323 1 0 0 0 0 1 0 1 0 LS21.DAT
1 16 170 -20 123.772 1 0 0 0 0 1 0 1 0 LS21.DAT
1 16 170 -20 124.225 1 0 0 0 0 1 0 1 0 LS21.DAT
1 16 170 -20 124.682 1 0 0 0 0 1 0 1 0 LS21.DAT
1 16 170 -20 125.143 1 0 0 0 0 1 0 1 0 LS21.DAT
1 16 170 -20 125.608 1 0 0 0 0 1 0 1 0 LS21.DAT
1 16 170 -20 126.078 1 0 0 0 0 1 0 1 0 LS21.DAT
1 16 170 -20 126.551 1 0 0 0 0 1 0 1 0 LS21.DAT
1 16 170 -20 127.028 1 0 0 0 0 1 0 1 0 LS21.DAT
1 16 170 -20 127.509 1 0 0 0 0 1 0 1 0 LS21.DAT
1 16 170 -20 127.995 1 0 0 0 0 1 0 1 0 LS21.DAT
1 16 170 -20 128.484 1 0 0 0 0 1 0 1 0 LS21.DAT
1 16 170 -20 128.976 1 0 0 0 0 1 0 1 0 LS21.DAT
1 16 170 -20 129.473 1 0 0 0 0 1 0 1 0 LS21.DAT
1 16 170 -20 129.973 1 0 0 0 0 1 0 1 0 LS21.DAT
1 16 170 -20 130.477 1 0 0 0 0 1 0 1 0 LS21.DAT
1 16 170 -20 130.985 1 0 0 0 0 1 0 1 0 LS21.DAT
1 16 170 -20 131.496 1 0 0 0 0 1 0 1 0 LS21.DAT
1 16 170 -20 132.01 1 0 0 0 0 1 0 1 0 LS21.DAT
1 16 170 -20 132.528 1 0 0 0 0 1 0 1 0 LS21.DAT
1 16 170 -20 133.049 1 0 0 0 0 1 0 1 0 LS21.DAT
1 16 170 -20 133.573 1 0 0 0 0 1 0 1 0 LS21.DAT
1 16 170 -20 134.099 1 0 0 0 0 1 0 1 0 LS21.DAT
1 16 170 -20 134.629 1 0 0 0 0 1 0 1 0 LS21.DAT
1 16 170 -20 135.162 1 0 0 0 0 1 0 1 0 LS21.DAT
1 16 170 -20 135.697 1 0 0 0 0 1 0 1 0 LS21.DAT
1 16 170 -20 136.234 1 0 0 0 0 1 0 1 0 LS21.DAT
1 16 170 -20 136.774 1 0 0 0 0 1 0 1 0 LS21.DAT
1 16 170 -20 137.315 1 0 0 0 0 1 0 1 0 LS21.DAT
1 16 170 -20 137.859 1 0 0 0 0 1 0 1 0 LS21.DAT
1 16 170 -20 138.404 1 0 0 0 0 1 0 1 0 LS21.DAT
1 16 170 -20 138.951 1 0 0 0 0 1 0 1 0 LS21.DAT
1 16 170 -20 139.499 1 0 0 0 0 1 0 1 0 LS21.DAT
1 16 170 -20 140.048 1 0 0 0 0 1 0 1 0 LS21.DAT
1 16 170 -20 140.598 1 0 0 0 0 1 0 1 0 LS21.DAT
1 16 170 -20 141.149 1 0 0 0 0 1 0 1 0 LS21.DAT
1 16 170 -20 141.7 1 0 0 0 0 1 0 1 0 LS21.DAT
1 16 170 -20 142.251 1 0 0 0 0 1 0 1 0 LS21.DAT
1 16 170 -20 142.802 1 0 0 0 0 1 0 1 0 LS21.DAT
1 16 170 -20 143.353 1 0 0 0 0 1 0 1 0 LS21.DAT
1 16 170 -20 143.903 1 0 0 0 0 1 0 1 0 LS21.DAT
1 16 170 -20 144.452 1 0 0 0 0 1 0 1 0 LS21.DAT
1 16 170 -20 145 1 0 0 0 0 1 0 1 0 LS21.DAT
1 16 170 -20 145.546 1 0 0 0 0 1 0 1 0 LS21.DAT
1 16 170 -20 146.091 1 0 0 0 0 1 0 1 0 LS21.DAT
1 16 170 -20 146.634 1 0 0 0 0 1 0 1 0 LS21.DAT
1 16 170 -20 147.174 1 0 0 0 0 1 0 1 0 LS21.DAT
1 16 170 -20 147.712 1 0 0 0 0 1 0 1 0 LS21.DAT
1 16 170 -20 148.247 1 0 0 0 0 1 0 1 0 LS21.DAT
1 16 170 -20 148.78 1 0 0 0 0 1 0 1 0 LS21.DAT
1 16 170 -20 149.308 1 0 0 0 0 1 0 1 0 LS21.DAT
1 16 170 -20 149.834 1 0 0 0 0 1 0 1 0 LS21.DAT
1 16 170 -20 150.355 1 0 0 0 0 1 0 1 0 LS21.DAT
1 16 170 -20 150.873 1 0 0 0 0 1 0 1 0 LS21.DAT
1 16 170 -20 151.386 1 0 0 0 0 1 0 1 0 LS21.DAT
1 16 170 -20 151.896 1 0 0 0 0 1 0 1 0 LS21.DAT
1 16 170 -20 152.401 1 0 0 0 0 1 0 1 0 LS21.DAT
1 16 170 -20 152.901 1 0 0 0 0 1 0 1 0 LS21.DAT
1 16 170 -20 153.397 1 0 0 0 0 1 0 1 0 LS21.DAT
1 16 170 -20 153.888 1 0 0 0 0 1 0 1 0 LS21.DAT
1 16 170 -20 154.374 1 0 0 0 0 1 0 1 0 LS21.DAT
1 16 170 -20 154.856 1 0 0 0 0 1 0 1 0 LS21.DAT
1 16 170 -20 155.334 1 0 0 0 0 1 0 1 0 LS21.DAT
1 16 170 -20 155.806 1 0 0 0 0 1 0 1 0 LS21.DAT
1 16 170 -20 156.274 1 0 0 0 0 1 0 1 0 LS21.DAT
1 16 170 -20 156.738 1 0 0 0 0 1 0 1 0 LS21.DAT
1 16 170 -20 157.198 1 0 0 0 0 1 0 1 0 LS21.DAT
1 16 170 -20 157.654 1 0 0 0 0 1 0 1 0 LS21.DAT
1 16 170 -20 158.106 1 0 0 0 0 1 0 1 0 LS21.DAT
1 16 170 -20 158.555 1 0 0 0 0 1 0 1 0 LS21.DAT
1 16 170 -20 159.001 1 0 0 0 0 1 0 1 0 LS21.DAT
1 16 170 -20 159.444 1 0 0 0 0 1 0 1 0 LS21.DAT
1 16 170 -20 159.884 1 0 0 0 0 1 0 1 0 LS21.DAT
1 16 170 -20 160.323 1 0 0 0 0 1 0 1 0 LS21.DAT
1 16 170 -20 160.76 1 0 0 0 0 1 0 1 0 LS21.DAT
1 16 170 -20 161.196 1 0 0 0 0 1 0 1 0 LS21.DAT
1 16 170 -20 161.631 1 0 0 0 0 1 0 1 0 LS21.DAT
1 16 170 -20 162.066 1 0 0 0 0 1 0 1 0 LS21.DAT
1 16 170 -20 162.501 1 0 0 0 0 1 0 1 0 LS21.DAT
1 16 170 -20 162.936 1 0 0 0 0 1 0 1 0 LS21.DAT
1 16 170 -20 163.372 1 0 0 0 0 1 0 1 0 LS21.DAT
1 16 170 -20 163.81 1 0 0 0 0 1 0 1 0 LS21.DAT
1 16 170 -20 164.25 1 0 0 0 0 1 0 1 0 LS21.DAT
1 16 170 -20 164.692 1 0 0 0 0 1 0 1 0 LS21.DAT
1 16 170 -20 165.136 1 0 0 0 0 1 0 1 0 LS21.DAT
1 16 170 -20 165.584 1 0 0 0 0 1 0 1 0 LS21.DAT
1 16 170 -20 166.034 1 0 0 0 0 1 0 1 0 LS21.DAT
1 16 170 -20 166.489 1 0 0 0 0 1 0 1 0 LS21.DAT
1 16 170 -20 166.947 1 0 0 0 0 1 0 1 0 LS21.DAT
1 16 170 -20 167.409 1 0 0 0 0 1 0 1 0 LS21.DAT
1 16 170 -20 167.876 1 0 0 0 0 1 0 1 0 LS21.DAT
1 16 170 -20 168.347 1 0 0 0 0 1 0 1 0 LS21.DAT
1 16 170 -20 168.823 1 0 0 0 0 1 0 1 0 LS21.DAT
1 16 170 -20 169.303 1 0 0 0 0 1 0 1 0 LS21.DAT
1 16 170 -20 169.788 1 0 0 0 0 1 0 1 0 LS21.DAT
1 16 170 -20 170.278 1 0 0 0 0 1 0 1 0 LS21.DAT
1 16 170 -20 170.773 1 0 0 0 0 1 0 1 0 LS21.DAT
1 16 170 -20 171.272 1 0 0 0 0 1 0 1 0 LS21.DAT
1 16 170 -20 171.777 1 0 0 0 0 1 0 1 0 LS21.DAT
1 16 170 -20 172.286 1 0 0 0 0 1 0 1 0 LS21.DAT
1 16 170 -20 172.799 1 0 0 0 0 1 0 1 0 LS21.DAT
1 16 170 -20 173.317 1 0 0 0 0 1 0 1 0 LS21.DAT
1 16 170 -20 173.839 1 0 0 0 0 1 0 1 0 LS21.DAT
1 16 170 -20 174.365 1 0 0 0 0 1 0 1 0 LS21.DAT
1 16 170 -20 174.894 1 0 0 0 0 1 0 1 0 LS21.DAT
1 16 170 -20 175.428 1 0 0 0 0 1 0 1 0 LS21.DAT
1 16 170 -20 175.964 1 0 0 0 0 1 0 1 0 LS21.DAT
1 16 170 -20 176.504 1 0 0 0 0 1 0 1 0 LS21.DAT
1 16 170 -20 177.047 1 0 0 0 0 1 0 1 0 LS21.DAT
1 16 170 -20 177.592 1 0 0 0 0 1 0 1 0 LS21.DAT
1 16 170 -20 178.14 1 0 0 0 0 1 0 1 0 LS21.DAT
1 16 170 -20 178.689 1 0 0 0 0 1 0 1 0 LS21.DAT
1 16 170 -20 179.241 1 0 0 0 0 1 0 1 0 LS21.DAT
1 16 170 -20 179.793 1 0 0 0 0 1 0 1 0 LS21.DAT
1 16 170 -20 180.348 1 0 0 0 0 1 0 1 0 LS21.DAT
1 16 170 -20 180.902 1 0 0 0 0 1 0 1 0 LS21.DAT
1 16 170 -20 181.458 1 0 0 0 0 1 0 1 0 LS21.DAT
1 16 170 -20 182.014 1 0 0 0 0 1 0 1 0 LS21.DAT
1 16 170 -20 182.57 1 0 0 0 0 1 0 1 0 LS21.DAT
1 16 170 -20 183.126 1 0 0 0 0 1 0 1 0 LS21.DAT
1 16 170 -20 183.682 1 0 0 0 0 1 0 1 0 LS21.DAT
1 16 170 -20 184.237 1 0 0 0 0 1 0 1 0 LS21.DAT
1 16 170 -20 184.791 1 0 0 0 0 1 0 1 0 LS21.DAT
1 16 170 -20 185.344 1 0 0 0 0 1 0 1 0 LS21.DAT
1 16 170 -20 185.895 1 0 0 0 0 1 0 1 0 LS21.DAT
1 16 170 -20 186.446 1 0 0 0 0 1 0 1 0 LS21.DAT
1 16 170 -20 186.994 1 0 0 0 0 1 0 1 0 LS21.DAT
1 16 170 -20 187.541 1 0 0 0 0 1 0 1 0 LS21.DAT
1 16 170 -20 188.085 1 0 0 0 0 1 0 1 0 LS21.DAT
1 16 170 -20 188.627 1 0 0 0 0 1 0 1 0 LS21.DAT
1 16 170 -20 189.167 1 0 0 0 0 1 0 1 0 LS21.DAT
1 16 170 -20 189.704 1 0 0 0 0 1 0 1 0 LS21.DAT
1 16 170 -20 190.238 1 0 0 0 0 1 0 1 0 LS21.DAT
1 16 170 -20 190.77 1 0 0 0 0 1 0 1 0 LS21.DAT
1 16 170 -20 191.298 1 0 0 0 0 1 0 1 0 LS21.DAT
1 16 170 -20 191.824 1 0 0 0 0 1 0 1 0 LS21.DAT
1 16 170 -20 192.346 1 0 0 0 0 1 0 1 0 LS21.DAT
1 16 170 -20 192.865 1 0 0 0 0 1 0 1 0 LS21.DAT
1 16 170 -20 193.38 1 0 0 0 0 1 0 1 0 LS21.DAT
1 16 170 -20 193.892 1 0 0 0 0 1 0 1 0 LS21.DAT
1 16 170 -20 194.4 1 0 0 0 0 1 0 1 0 LS21.DAT
1 16 170 -20 194.905 1 0 0 0 0 1 0 1 0 LS21.DAT
1 16 170 -20 195.406 1 0 0 0 0 1 0 1 0 LS21.DAT
1 16 170 -20 195.903 1 0 0 0 0 1 0 1 0 LS21.DAT
1 16 170 -20 196.396 1 0 0 0 0 1 0 1 0 LS21.DAT
1 16 170 -20 196.885 1 0 0 0 0 1 0 1 0 LS21.DAT
1 16 170 -20 197.37 1 0 0 0 0 1 0 1 0 LS21.DAT
1 16 170 -20 197.852 1 0 0 0 0 1 0 1 0 LS21.DAT
1 16 170 -20 198.329 1 0 0 0 0 1 0 1 0 LS21.DAT
1 16 170 -20 198.802 1 0 0 0 0 1 0 1 0 LS21.DAT
1 16 170 -20 199.271 1 0 0 0 0 1 0 1 0 LS21.DAT
1 16 170 -20 199.736 1 0 0 0 0 1 0 1 0 LS21.DAT
1 16 170 -20 200.197 1 0 0 0 0 1 0 1 0 LS21.DAT
1 16 170 -20 200.654 1 0 0 0 0 1 0 1 0 LS21.DAT
1 16 170 -20 201.107 1 0 0 0 0 1 0 1 0 LS21.DAT
1 16 170 -20 201.556 1 0 0 0 0 1 0 1 0 LS20.DAT
0 SYNTH SYNTHESIZED END
0 SYNTH END
0 STEP
0 SYNTH BEGIN PNEUMATIC_HOSE 16
0 SYNTH SHOW
0 MLCAD HIDE 1 7 170 -20 82 1 0 0 0 0 1 0 -1 0 LS00.DAT
0 MLCAD HIDE 1 7 170 -20 57 1 0 0 0 0 1 0 -1 0 LS00.DAT
0 SYNTH SYNTHESIZED BEGIN
1 16 170 -20 82 1 0 0 0 0 -1 0 -1 0 LS20.DAT
1 16 170 -20 82.1401 1 0 0 0 0 1 0 1 0 LS21.DAT
1 16 170 -20 82.2875 1 0 0 0 0 1 0 1 0 LS21.DAT
1 16 170 -20 82.4431 1 0 0 0 0 1 0 1 0 LS21.DAT
1 16 170 -20 82.6077 1 0 0 0 0 1 0 1 0 LS21.DAT
1 16 170 -20 82.7822 1 0 0 0 0 1 0 1 0 LS21.DAT
1 16 170 -20 82.9678 1 0 0 0 0 1 0 1 0 LS21.DAT
1 16 170 -20 83.1658 1 0 0 0 0 1 0 1 0 LS21.DAT
1 16 170 -20 83.3778 1 0 0 0 0 1 0 1 0 LS21.DAT
1 16 170 -20 83.6057 1 0 0 0 0 1 0 1 0 LS21.DAT
1 16 170 -20 83.852 1 0 0 0 0 1 0 1 0 LS21.DAT
1 16 170 -20 84.1196 1 0 0 0 0 1 0 1 0 LS21.DAT
1 16 170 -20 84.4123 1 0 0 0 0 1 0 1 0 LS21.DAT
1 16 170 -20 84.735 1 0 0 0 0 1 0 1 0 LS21.DAT
1 16 170 -20 85.0942 1 0 0 0 0 1 0 1 0 LS21.DAT
1 16 170 -20 85.499 1 0 0 0 0 1 0 1 0 LS21.DAT
1 16 170 -20 85.9623 1 0 0 0 0 1 0 1 0 LS21.DAT
1 16 170 -20 86.5041 1 0 0 0 0 1 0 1 0 LS21.DAT
1 16 170 -20 87.1569 1 0 0 0 0 1 0 1 0 LS21.DAT
1 16 170 -20 87.9808 1 0 0 0 0 1 0 1 0 LS21.DAT
1 16 170 -20 89.1076 1 0 0 0 0 1 0 1 0 LS21.DAT
1 16 170 -20 90.9442 1 0 0 0 0 -1 0 -1 0 LS21.DAT
1 16 170 -20 83.0588 1 0 0 0 0 -1 0 -1 0 LS21.DAT
1 16 170 -20 80.3404 1 0 0 0 0 -1 0 -1 0 LS21.DAT
1 16 170 -20 78.9662 1 0 0 0 0 -1 0 -1 0 LS21.DAT
1 16 170 -20 78.034 1 0 0 0 0 -1 0 -1 0 LS21.DAT
1 16 170 -20 77.3226 1 0 0 0 0 -1 0 -1 0 LS21.DAT
1 16 170 -20 76.7437 1 0 0 0 0 -1 0 -1 0 LS21.DAT
1 16 170 -20 76.2533 1 0 0 0 0 -1 0 -1 0 LS21.DAT
1 16 170 -20 75.826 1 0 0 0 0 -1 0 -1 0 LS21.DAT
1 16 170 -20 75.4462 1 0 0 0 0 -1 0 -1 0 LS21.DAT
1 16 170 -20 75.1032 1 0 0 0 0 -1 0 -1 0 LS21.DAT
1 16 170 -20 74.7896 1 0 0 0 0 -1 0 -1 0 LS21.DAT
1 16 170 -20 74.5 1 0 0 0 0 -1 0 -1 0 LS21.DAT
1 16 170 -20 74.2303 1 0 0 0 0 -1 0 -1 0 LS21.DAT
1 16 170 -20 73.9774 1 0 0 0 0 -1 0 -1 0 LS21.DAT
1 16 170 -20 73.7389 1 0 0 0 0 -1 0 -1 0 LS21.DAT
1 16 170 -20 73.5126 1 0 0 0 0 -1 0 -1 0 LS21.DAT
1 16 170 -20 73.2971 1 0 0 0 0 -1 0 -1 0 LS21.DAT
1 16 170 -20 73.0909 1 0 0 0 0 -1 0 -1 0 LS21.DAT
1 16 170 -20 72.893 1 0 0 0 0 -1 0 -1 0 LS21.DAT
1 16 170 -20 72.7024 1 0 0 0 0 -1 0 -1 0 LS21.DAT
1 16 170 -20 72.5183 1 0 0 0 0 -1 0 -1 0 LS21.DAT
1 16 170 -20 72.3399 1 0 0 0 0 -1 0 -1 0 LS21.DAT
1 16 170 -20 72.1667 1 0 0 0 0 -1 0 -1 0 LS21.DAT
1 16 170 -20 71.9982 1 0 0 0 0 -1 0 -1 0 LS21.DAT
1 16 170 -20 71.8338 1 0 0 0 0 -1 0 -1 0 LS21.DAT
1 16 170 -20 71.6731 1 0 0 0 0 -1 0 -1 0 LS21.DAT
1 16 170 -20 71.5158 1 0 0 0 0 -1 0 -1 0 LS21.DAT
1 16 170 -20 71.3615 1 0 0 0 0 -1 0 -1 0 LS21.DAT
1 16 170 -20 71.2099 1 0 0 0 0 -1 0 -1 0 LS21.DAT
1 16 170 -20 71.0607 1 0 0 0 0 -1 0 -1 0 LS21.DAT
1 16 170 -20 70.9137 1 0 0 0 0 -1 0 -1 0 LS21.DAT
1 16 170 -20 70.7686 1 0 0 0 0 -1 0 -1 0 LS21.DAT
1 16 170 -20 70.6252 1 0 0 0 0 -1 0 -1 0 LS21.DAT
1 16 170 -20 70.4833 1 0 0 0 0 -1 0 -1 0 LS21.DAT
1 16 170 -20 70.3427 1 0 0 0 0 -1 0 -1 0 LS21.DAT
1 16 170 -20 70.2031 1 0 0 0 0 -1 0 -1 0 LS21.DAT
1 16 170 -20 70.0645 1 0 0 0 0 -1 0 -1 0 LS21.DAT
1 16 170 -20 69.9266 1 0 0 0 0 -1 0 -1 0 LS21.DAT
1 16 170 -20 69.7892 1 0 0 0 0 -1 0 -1 0 LS21.DAT
1 16 170 -20 69.6523 1 0 0 0 0 -1 0 -1 0 LS21.DAT
1 16 170 -20 69.5156 1 0 0 0 0 -1 0 -1 0 LS21.DAT
1 16 170 -20 69.379 1 0 0 0 0 -1 0 -1 0 LS21.DAT
1 16 170 -20 69.2423 1 0 0 0 0 -1 0 -1 0 LS21.DAT
1 16 170 -20 69.1054 1 0 0 0 0 -1 0 -1 0 LS21.DAT
1 16 170 -20 68.9681 1 0 0 0 0 -1 0 -1 0 LS21.DAT
1 16 170 -20 68.8302 1 0 0 0 0 -1 0 -1 0 LS21.DAT
1 16 170 -20 68.6916 1 0 0 0 0 -1 0 -1 0 LS21.DAT
1 16 170 -20 68.552 1 0 0 0 0 -1 0 -1 0 LS21.DAT
1 16 170 -20 68.4114 1 0 0 0 0 -1 0 -1 0 LS21.DAT
1 16 170 -20 68.2695 1 0 0 0 0 -1 0 -1 0 LS21.DAT
1 16 170 -20 68.1261 1 0 0 0 0 -1 0 -1 0 LS21.DAT
1 16 170 -20 67.9811 1 0 0 0 0 -1 0 -1 0 LS21.DAT
1 16 170 -20 67.8341 1 0 0 0 0 -1 0 -1 0 LS21.DAT
1 16 170 -20 67.685 1 0 0 0 0 -1 0 -1 0 LS21.DAT
1 16 170 -20 67.5334 1 0 0 0 0 -1 0 -1 0 LS21.DAT
1 16 170 -20 67.3792 1 0 0 0 0 -1 0 -1 0 LS21.DAT
1 16 170 -20 67.2219 1 0 0 0 0 -1 0 -1 0 LS21.DAT
1 16 170 -20 67.0613 1 0 0 0 0 -1 0 -1 0 LS21.DAT
1 16 170 -20 66.897 1 0 0 0 0 -1 0 -1 0 LS21.DAT
1 16 170 -20 66.7285 1 0 0 0 0 -1 0 -1 0 LS21.DAT
1 16 170 -20 66.5554 1 0 0 0 0 -1 0 -1 0 LS21.DAT
1 16 170 -20 66.3771 1 0 0 0 0 -1 0 -1 0 LS21.DAT
1 16 170 -20 66.193 1 0 0 0 0 -1 0 -1 0 LS21.DAT
1 16 170 -20 66.0025 1 0 0 0 0 -1 0 -1 0 LS21.DAT
1 16 170 -20 65.8047 1 0 0 0 0 -1 0 -1 0 LS21.DAT
1 16 170 -20 65.5987 1 0 0 0 0 -1 0 -1 0 LS21.DAT
1 16 170 -20 65.3833 1 0 0 0 0 -1 0 -1 0 LS21.DAT
1 16 170 -20 65.1572 1 0 0 0 0 -1 0 -1 0 LS21.DAT
1 16 170 -20 64.9188 1 0 0 0 0 -1 0 -1 0 LS21.DAT
1 16 170 -20 64.6661 1 0 0 0 0 -1 0 -1 0 LS21.DAT
1 16 170 -20 64.3966 1 0 0 0 0 -1 0 -1 0 LS21.DAT
1 16 170 -20 64.1073 1 0 0 0 0 -1 0 -1 0 LS21.DAT
1 16 170 -20 63.7939 1 0 0 0 0 -1 0 -1 0 LS21.DAT
1 16 170 -20 63.4512 1 0 0 0 0 -1 0 -1 0 LS21.DAT
1 16 170 -20 63.0718 1 0 0 0 0 -1 0 -1 0 LS21.DAT
1 16 170 -20 62.645 1 0 0 0 0 -1 0 -1 0 LS21.DAT
1 16 170 -20 62.1552 1 0 0 0 0 -1 0 -1 0 LS21.DAT
1 16 170 -20 61.577 1 0 0 0 0 -1 0 -1 0 LS21.DAT
1 16 170 -20 60.8666 1 0 0 0 0 -1 0 -1 0 LS21.DAT
1 16 170 -20 59.9358 1 0 0 0 0 -1 0 -1 0 LS21.DAT
1 16 170 -20 58.5641 1 0 0 0 0 -1 0 -1 0 LS21.DAT
1 16 170 -20 55.8518 1 0 0 0 0 -1 0 -1 0 LS21.DAT
1 16 170 -20 48.1229 1 0 0 0 0 1 0 1 0 LS21.DAT
1 16 170 -20 49.9786 1 0 0 0 0 1 0 1 0 LS21.DAT
1 16 170 -20 51.1156 1 0 0 0 0 1 0 1 0 LS21.DAT
1 16 170 -20 51.9465 1 0 0 0 0 1 0 1 0 LS21.DAT
1 16 170 -20 52.6046 1 0 0 0 0 1 0 1 0 LS21.DAT
1 16 170 -20 53.1506 1 0 0 0 0 1 0 1 0 LS21.DAT
1 16 170 -20 53.6175 1 0 0 0 0 1 0 1 0 LS21.DAT
1 16 170 -20 54.0253 1 0 0 0 0 1 0 1 0 LS21.DAT
1 16 170 -20 54.3871 1 0 0 0 0 1 0 1 0 LS21.DAT
1 16 170 -20 54.7121 1 0 0 0 0 1 0 1 0 LS21.DAT
1 16 170 -20 55.0069 1 0 0 0 0 1 0 1 0 LS21.DAT
1 16 170 -20 55.2764 1 0 0 0 0 1 0 1 0 LS21.DAT
1 16 170 -20 55.5244 1 0 0 0 0 1 0 1 0 LS21.DAT
1 16 170 -20 55.754 1 0 0 0 0 1 0 1 0 LS21.DAT
1 16 170 -20 55.9674 1 0 0 0 0 1 0 1 0 LS21.DAT
1 16 170 -20 56.1668 1 0 0 0 0 1 0 1 0 LS21.DAT
1 16 170 -20 56.3536 1 0 0 0 0 1 0 1 0 LS21.DAT
1 16 170 -20 56.5293 1 0 0 0 0 1 0 1 0 LS21.DAT
1 16 170 -20 56.6949 1 0 0 0 0 1 0 1 0 LS21.DAT
1 16 170 -20 56.8516 1 0 0 0 0 1 0 1 0 LS20.DAT
0 SYNTH SYNTHESIZED END
0 SYNTH END
0 STEP
0 SYNTH BEGIN PNEUMATIC_HOSE 16
0 SYNTH SHOW
0 MLCAD HIDE 1 7 155 -20 40 0 1 0 0 0 1 1 0 0 LS00.DAT
0 MLCAD HIDE 1 7 136 -8 40 0 1 0 0 0 1 1 0 0 LS00.DAT
0 SYNTH SYNTHESIZED BEGIN
1 16 155 -20 40 0 1 -0.000558 0 -0.000558 -1 1 0 0 LS20.DAT
1 16 154.655 -19.9998 40 0 -0.999999 0.001722 0 0.001722 0.999999 1 0 0 LS21.DAT
1 16 154.296 -19.9992 40 0 -0.999996 0.002974 0 0.002974 0.999996 1 0 0 LS21.DAT
1 16 153.922 -19.9981 40 0 -0.999991 0.004327 0 0.004327 0.999991 1 0 0 LS21.DAT
1 16 153.533 -19.9964 40 0 -0.999983 0.005794 0 0.005794 0.999983 1 0 0 LS21.DAT
1 16 153.126 -19.994 40 0 -0.999973 0.007389 0 0.007389 0.999973 1 0 0 LS21.DAT
1 16 152.702 -19.9909 40 0 -0.999958 0.009131 0 0.009131 0.999958 1 0 0 LS21.DAT
1 16 152.258 -19.9868 40 0 -0.999939 0.011042 0 0.011042 0.999939 1 0 0 LS21.DAT
1 16 151.793 -19.9817 40 0 -0.999914 0.01315 0 0.01315 0.999914 1 0 0 LS21.DAT
1 16 151.307 -19.9753 40 0 -0.99988 0.015488 0 0.015488 0.99988 1 0 0 LS21.DAT
1 16 150.795 -19.9674 40 0 -0.999836 0.018097 0 0.018097 0.999836 1 0 0 LS21.DAT
1 16 150.258 -19.9577 40 0 -0.999779 0.021029 0 0.021029 0.999779 1 0 0 LS21.DAT
1 16 149.693 -19.9458 40 0 -0.999703 0.024351 0 0.024351 0.999703 1 0 0 LS21.DAT
1 16 149.097 -19.9313 40 0 -0.999604 0.02815 0 0.02815 0.999604 1 0 0 LS21.DAT
1 16 148.468 -19.9136 40 0 -0.99947 0.03254 0 0.03254 0.99947 1 0 0 LS21.DAT
1 16 147.804 -19.8919 40 0 -0.99929 0.037677 0 0.037677 0.99929 1 0 0 LS21.DAT
1 16 147.101 -19.8654 40 0 -0.999041 0.043778 0 0.043778 0.999041 1 0 0 LS21.DAT
1 16 146.356 -19.8328 40 0 -0.998691 0.051148 0 0.051148 0.998691 1 0 0 LS21.DAT
1 16 145.566 -19.7923 40 0 -0.998184 0.06024 0 0.06024 0.998184 1 0 0 LS21.DAT
1 16 144.73 -19.7419 40 0 -0.997423 0.071747 0 0.071747 0.997423 1 0 0 LS21.DAT
1 16 143.847 -19.6783 40 0 -0.996228 0.086775 0 0.086775 0.996228 1 0 0 LS21.DAT
1 16 142.918 -19.5975 40 0 -0.994239 0.107182 0 0.107182 0.994239 1 0 0 LS21.DAT
1 16 141.954 -19.4935 40 0 -0.99067 0.136281 0 0.136281 0.99067 1 0 0 LS21.DAT
1 16 140.974 -19.3588 40 0 -0.983605 0.180336 0 0.180336 0.983605 1 0 0 LS21.DAT
1 16 140.022 -19.1842 40 0 -0.967752 0.251904 0 0.251904 0.967752 1 0 0 LS21.DAT
1 16 139.169 -18.962 40 0 -0.926265 0.376873 0 0.376873 0.926265 1 0 0 LS21.DAT
1 16 138.506 -18.6923 40 0 -0.798892 0.601474 0 0.601474 0.798892 1 0 0 LS21.DAT
1 16 138.104 -18.3895 40 0 -0.412885 0.910783 0 0.910783 0.412885 1 0 0 LS21.DAT
1 16 137.962 -18.0771 40 0 0.19715 0.980373 0 0.980373 -0.19715 1 0 0 LS21.DAT
1 16 138.023 -17.7748 40 0 0.56594 0.824446 0 0.824446 -0.56594 1 0 0 LS21.DAT
1 16 138.217 -17.4921 40 0 0.72435 0.689433 0 0.689433 -0.72435 1 0 0 LS21.DAT
1 16 138.491 -17.2312 40 0 0.799219 0.60104 0 0.60104 -0.799219 1 0 0 LS21.DAT
1 16 138.81 -16.9909 40 0 0.840055 0.542501 0 0.542501 -0.840055 1 0 0 LS21.DAT
1 16 139.154 -16.7687 40 0 0.86496 0.501841 0 0.501841 -0.86496 1 0 0 LS21.DAT
1 16 139.511 -16.5621 40 0 0.881436 0.472304 0 0.472304 -0.881436 1 0 0 LS21.DAT
1 16 139.871 -16.3688 40 0 0.893005 0.450047 0 0.450047 -0.893005 1 0 0 LS21.DAT
1 16 140.232 -16.1868 40 0 0.901498 0.432783 0 0.432783 -0.901498 1 0 0 LS21.DAT
1 16 140.591 -16.0144 40 0 0.907948 0.419084 0 0.419084 -0.907948 1 0 0 LS21.DAT
1 16 140.947 -15.8503 40 0 0.912973 0.408019 0 0.408019 -0.912973 1 0 0 LS21.DAT
1 16 141.299 -15.6932 40 0 0.916968 0.398961 0 0.398961 -0.916968 1 0 0 LS21.DAT
1 16 141.646 -15.5422 40 0 0.92019 0.391472 0 0.391472 -0.92019 1 0 0 LS21.DAT
1 16 141.988 -15.3965 40 0 0.922818 0.385237 0 0.385237 -0.922818 1 0 0 LS21.DAT
1 16 142.327 -15.2552 40 0 0.924975 0.380027 0 0.380027 -0.924975 1 0 0 LS21.DAT
1 16 142.661 -15.1178 40 0 0.926753 0.375672 0 0.375672 -0.926753 1 0 0 LS21.DAT
1 16 142.992 -14.9837 40 0 0.928216 0.372042 0 0.372042 -0.928216 1 0 0 LS21.DAT
1 16 143.319 -14.8524 40 0 0.929414 0.369038 0 0.369038 -0.929414 1 0 0 LS21.DAT
1 16 143.644 -14.7235 40 0 0.930384 0.366587 0 0.366587 -0.930384 1 0 0 LS21.DAT
1 16 143.966 -14.5966 40 0 0.931153 0.36463 0 0.36463 -0.931153 1 0 0 LS21.DAT
1 16 144.286 -14.4712 40 0 0.931741 0.363123 0 0.363123 -0.931741 1 0 0 LS21.DAT
1 16 144.605 -14.3471 40 0 0.932165 0.362034 0 0.362034 -0.932165 1 0 0 LS21.DAT
1 16 144.922 -14.224 40 0 0.932434 0.361341 0 0.361341 -0.932434 1 0 0 LS21.DAT
1 16 145.238 -14.1014 40 0 0.932554 0.36103 0 0.36103 -0.932554 1 0 0 LS21.DAT
1 16 145.554 -13.9792 40 0 0.93253 0.361094 0 0.361094 -0.93253 1 0 0 LS21.DAT
1 16 145.869 -13.8569 40 0 0.932359 0.361533 0 0.361533 -0.932359 1 0 0 LS21.DAT
1 16 146.185 -13.7344 40 0 0.93204 0.362356 0 0.362356 -0.93204 1 0 0 LS21.DAT
1 16 146.502 -13.6113 40 0 0.931564 0.363578 0 0.363578 -0.931564 1 0 0 LS21.DAT
1 16 146.82 -13.4872 40 0 0.93092 0.365224 0 0.365224 -0.93092 1 0 0 LS21.DAT
1 16 147.139 -13.362 40 0 0.930092 0.367328 0 0.367328 -0.930092 1 0 0 LS21.DAT
1 16 147.46 -13.2351 40 0 0.929058 0.369935 0 0.369935 -0.929058 1 0 0 LS21.DAT
1 16 147.784 -13.1063 40 0 0.927789 0.373105 0 0.373105 -0.927789 1 0 0 LS21.DAT
1 16 148.11 -12.9752 40 0 0.926247 0.376918 0 0.376918 -0.926247 1 0 0 LS21.DAT
1 16 148.439 -12.8412 40 0 0.924379 0.381475 0 0.381475 -0.924379 1 0 0 LS21.DAT
1 16 148.772 -12.704 40 0 0.922117 0.386911 0 0.386911 -0.922117 1 0 0 LS21.DAT
1 16 149.108 -12.5629 40 0 0.919366 0.393404 0 0.393404 -0.919366 1 0 0 LS21.DAT
1 16 149.448 -12.4174 40 0 0.915993 0.401193 0 0.401193 -0.915993 1 0 0 LS21.DAT
1 16 149.792 -12.2667 40 0 0.911813 0.410606 0 0.410606 -0.911813 1 0 0 LS21.DAT
1 16 150.14 -12.1099 40 0 0.906549 0.4221 0 0.4221 -0.906549 1 0 0 LS21.DAT
1 16 150.492 -11.9461 40 0 0.899785 0.436333 0 0.436333 -0.899785 1 0 0 LS21.DAT
1 16 150.847 -11.7742 40 0 0.890859 0.454281 0 0.454281 -0.890859 1 0 0 LS21.DAT
1 16 151.203 -11.5926 40 0 0.878663 0.477443 0 0.477443 -0.878663 1 0 0 LS21.DAT
1 16 151.557 -11.3999 40 0 0.861223 0.508228 0 0.508228 -0.861223 1 0 0 LS21.DAT
1 16 151.906 -11.194 40 0 0.834709 0.550691 0 0.550691 -0.834709 1 0 0 LS21.DAT
1 16 152.242 -10.9725 40 0 0.790899 0.611946 0 0.611946 -0.790899 1 0 0 LS21.DAT
1 16 152.551 -10.7331 40 0 0.709778 0.704425 0 0.704425 -0.709778 1 0 0 LS21.DAT
1 16 152.813 -10.4734 40 0 0.536586 0.843846 0 0.843846 -0.536586 1 0 0 LS21.DAT
1 16 152.992 -10.1921 40 0 0.138971 0.990296 0 0.990296 -0.138971 1 0 0 LS21.DAT
1 16 153.034 -9.89146 40 0 -0.467155 0.884176 0 0.884176 0.467155 1 0 0 LS21.DAT
1 16 152.87 -9.58114 40 0 -0.818265 0.574841 0 0.574841 0.818265 1 0 0 LS21.DAT
1 16 152.442 -9.28063 40 0 -0.932474 0.361237 0 0.361237 0.932474 1 0 0 LS21.DAT
1 16 151.753 -9.01341 40 0 -0.970195 0.242324 0 0.242324 0.970195 1 0 0 LS21.DAT
1 16 150.873 -8.79362 40 0 -0.984782 0.173796 0 0.173796 0.984782 1 0 0 LS21.DAT
1 16 149.896 -8.62128 40 0 -0.99133 0.131394 0 0.131394 0.99133 1 0 0 LS21.DAT
1 16 148.895 -8.48857 40 0 -0.994652 0.103282 0 0.103282 0.994652 1 0 0 LS21.DAT
1 16 147.911 -8.3864 40 0 -0.996507 0.083512 0 0.083512 0.996507 1 0 0 LS21.DAT
1 16 146.965 -8.30713 40 0 -0.997622 0.068925 0 0.068925 0.997622 1 0 0 LS21.DAT
1 16 146.066 -8.24501 40 0 -0.998332 0.057737 0 0.057737 0.998332 1 0 0 LS21.DAT
1 16 145.216 -8.19584 40 0 -0.998804 0.048885 0 0.048885 0.998804 1 0 0 LS21.DAT
1 16 144.414 -8.15658 40 0 -0.99913 0.041703 0 0.041703 0.99913 1 0 0 LS21.DAT
1 16 143.657 -8.125 40 0 -0.999361 0.035754 0 0.035754 0.999361 1 0 0 LS21.DAT
1 16 142.943 -8.09946 40 0 -0.999527 0.030739 0 0.030739 0.999527 1 0 0 LS21.DAT
1 16 142.269 -8.07872 40 0 -0.99965 0.026451 0 0.026451 0.99965 1 0 0 LS21.DAT
1 16 141.631 -8.06184 40 0 -0.999741 0.022739 0 0.022739 0.999741 1 0 0 LS21.DAT
1 16 141.027 -8.0481 40 0 -0.99981 0.019492 0 0.019492 0.99981 1 0 0 LS21.DAT
1 16 140.453 -8.03692 40 0 -0.999862 0.016624 0 0.016624 0.999862 1 0 0 LS21.DAT
1 16 139.909 -8.02787 40 0 -0.999901 0.014072 0 0.014072 0.999901 1 0 0 LS21.DAT
1 16 139.391 -8.02058 40 0 -0.999931 0.011784 0 0.011784 0.999931 1 0 0 LS21.DAT
1 16 138.898 -8.01477 40 0 -0.999953 0.00972 0 0.00972 0.999953 1 0 0 LS21.DAT
1 16 138.427 -8.01019 40 0 -0.999969 0.007848 0 0.007848 0.999969 1 0 0 LS21.DAT
1 16 137.978 -8.00666 40 0 -0.999981 0.006142 0 0.006142 0.999981 1 0 0 LS21.DAT
1 16 137.548 -8.00402 40 0 -0.99999 0.004579 0 0.004579 0.99999 1 0 0 LS21.DAT
1 16 137.136 -8.00214 40 0 -0.999995 0.003142 0 0.003142 0.999995 1 0 0 LS21.DAT
1 16 136.742 -8.0009 40 0 -0.999998 0.001816 0 0.001816 0.999998 1 0 0 LS21.DAT
1 16 136.363 -8.00021 40 0 -1 0.000588 0 0.000588 1 1 0 0 LS20.DAT
0 SYNTH SYNTHESIZED END
0 SYNTH END
0 STEP
0 SYNTH BEGIN PNEUMATIC_HOSE 16
0 SYNTH SHOW
0 MLCAD HIDE 1 7 185 -20 40 0 -1 0 0 0 1 -1 0 0 LS00.DAT
0 MLCAD HIDE 1 7 205 -8 40 0 -1 0 0 0 1 -1 0 0 LS00.DAT
0 SYNTH SYNTHESIZED BEGIN
1 16 185 -20 40 0 -1 0.000554 0 -0.000554 -1 -1 0 0 LS20.DAT
1 16 185.342 -19.9998 40 0 0.999999 -0.001707 0 0.001707 0.999999 -1 0 0 LS21.DAT
1 16 185.698 -19.9992 40 0 0.999996 -0.002949 0 0.002949 0.999996 -1 0 0 LS21.DAT
1 16 186.069 -19.9981 40 0 0.999991 -0.004288 0 0.004288 0.999991 -1 0 0 LS21.DAT
1 16 186.455 -19.9965 40 0 0.999984 -0.005738 0 0.005738 0.999984 -1 0 0 LS21.DAT
1 16 186.858 -19.9941 40 0 0.999973 -0.007314 0 0.007314 0.999973 -1 0 0 LS21.DAT
1 16 187.279 -19.9911 40 0 0.999959 -0.009033 0 0.009033 0.999959 -1 0 0 LS21.DAT
1 16 187.719 -19.9871 40 0 0.99994 -0.010916 0 0.010916 0.99994 -1 0 0 LS21.DAT
1 16 188.179 -19.9821 40 0 0.999916 -0.01299 0 0.01299 0.999916 -1 0 0 LS21.DAT
1 16 188.661 -19.9758 40 0 0.999883 -0.015286 0 0.015286 0.999883 -1 0 0 LS21.DAT
1 16 189.166 -19.9681 40 0 0.999841 -0.017844 0 0.017844 0.999841 -1 0 0 LS21.DAT
1 16 189.698 -19.9586 40 0 0.999785 -0.020712 0 0.020712 0.999785 -1 0 0 LS21.DAT
1 16 190.256 -19.947 40 0 0.999713 -0.023953 0 0.023953 0.999713 -1 0 0 LS21.DAT
1 16 190.845 -19.9329 40 0 0.999618 -0.027649 0 0.027649 0.999618 -1 0 0 LS21.DAT
1 16 191.466 -19.9157 40 0 0.999491 -0.031905 0 0.031905 0.999491 -1 0 0 LS21.DAT
1 16 192.122 -19.8948 40 0 0.99932 -0.036865 0 0.036865 0.99932 -1 0 0 LS21.DAT
1 16 192.816 -19.8692 40 0 0.999087 -0.042727 0 0.042727 0.999087 -1 0 0 LS21.DAT
1 16 193.55 -19.8378 40 0 0.998761 -0.049766 0 0.049766 0.998761 -1 0 0 LS21.DAT
1 16 194.328 -19.799 40 0 0.998294 -0.058386 0 0.058386 0.998294 -1 0 0 LS21.DAT
1 16 195.152 -19.7509 40 0 0.997603 -0.069196 0 0.069196 0.997603 -1 0 0 LS21.DAT
1 16 196.022 -19.6905 40 0 0.996537 -0.083149 0 0.083149 0.996537 -1 0 0 LS21.DAT
1 16 196.938 -19.6141 40 0 0.994803 -0.101814 0 0.101814 0.994803 -1 0 0 LS21.DAT
1 16 197.892 -19.5165 40 0 0.991786 -0.127908 0 0.127908 0.991786 -1 0 0 LS21.DAT
1 16 198.867 -19.3907 40 0 0.986056 -0.166415 0 0.166415 0.986056 -1 0 0 LS21.DAT
1 16 199.829 -19.2284 40 0 0.973899 -0.226981 0 0.226981 0.973899 -1 0 0 LS21.DAT
1 16 200.716 -19.0214 40 0 0.944355 -0.328929 0 0.328929 0.944355 -1 0 0 LS21.DAT
1 16 201.446 -18.7674 40 0 0.860885 -0.5088 0 0.5088 0.860885 -1 0 0 LS21.DAT
1 16 201.939 -18.476 40 0 0.605926 -0.795521 0 0.795521 0.605926 -1 0 0 LS21.DAT
1 16 202.174 -18.1679 40 0 0.056083 -0.998426 0 0.998426 0.056083 -1 0 0 LS21.DAT
1 16 202.191 -17.8641 40 0 -0.425607 -0.904908 0 0.904908 -0.425607 -1 0 0 LS21.DAT
1 16 202.055 -17.5766 40 0 -0.654435 -0.756118 0 0.756118 -0.654435 -1 0 0 LS21.DAT
1 16 201.824 -17.3097 40 0 -0.759477 -0.650534 0 0.650534 -0.759477 -1 0 0 LS21.DAT
1 16 201.536 -17.0631 40 0 -0.814356 -0.580366 0 0.580366 -0.814356 -1 0 0 LS21.DAT
1 16 201.216 -16.8348 40 0 -0.846653 -0.532145 0 0.532145 -0.846653 -1 0 0 LS21.DAT
1 16 200.879 -16.6226 40 0 -0.867442 -0.497538 0 0.497538 -0.867442 -1 0 0 LS21.DAT
1 16 200.532 -16.4241 40 0 -0.881736 -0.471744 0 0.471744 -0.881736 -1 0 0 LS21.DAT
1 16 200.183 -16.2373 40 0 -0.892058 -0.45192 0 0.45192 -0.892058 -1 0 0 LS21.DAT
1 16 199.834 -16.0604 40 0 -0.899795 -0.436312 0 0.436312 -0.899795 -1 0 0 LS21.DAT
1 16 199.487 -15.8922 40 0 -0.905762 -0.423787 0 0.423787 -0.905762 -1 0 0 LS21.DAT
1 16 199.143 -15.7312 40 0 -0.910464 -0.413589 0 0.413589 -0.910464 -1 0 0 LS21.DAT
1 16 198.803 -15.5766 40 0 -0.914231 -0.405194 0 0.405194 -0.914231 -1 0 0 LS21.DAT
1 16 198.466 -15.4274 40 0 -0.917284 -0.398233 0 0.398233 -0.917284 -1 0 0 LS21.DAT
1 16 198.133 -15.2829 40 0 -0.91978 -0.392435 0 0.392435 -0.91978 -1 0 0 LS21.DAT
1 16 197.804 -15.1424 40 0 -0.921827 -0.387601 0 0.387601 -0.921827 -1 0 0 LS21.DAT
1 16 197.478 -15.0053 40 0 -0.923507 -0.383581 0 0.383581 -0.923507 -1 0 0 LS21.DAT
1 16 197.155 -14.8711 40 0 -0.924879 -0.380261 0 0.380261 -0.924879 -1 0 0 LS21.DAT
1 16 196.835 -14.7394 40 0 -0.925987 -0.377555 0 0.377555 -0.925987 -1 0 0 LS21.DAT
1 16 196.517 -14.6097 40 0 -0.926864 -0.375397 0 0.375397 -0.926864 -1 0 0 LS21.DAT
1 16 196.2 -14.4817 40 0 -0.927535 -0.373737 0 0.373737 -0.927535 -1 0 0 LS21.DAT
1 16 195.886 -14.355 40 0 -0.928017 -0.372538 0 0.372538 -0.928017 -1 0 0 LS21.DAT
1 16 195.573 -14.2293 40 0 -0.928323 -0.371775 0 0.371775 -0.928323 -1 0 0 LS21.DAT
1 16 195.26 -14.1041 40 0 -0.928461 -0.371431 0 0.371431 -0.928461 -1 0 0 LS21.DAT
1 16 194.948 -13.9793 40 0 -0.928433 -0.371499 0 0.371499 -0.928433 -1 0 0 LS21.DAT
1 16 194.636 -13.8545 40 0 -0.928241 -0.371979 0 0.371979 -0.928241 -1 0 0 LS21.DAT
1 16 194.324 -13.7294 40 0 -0.927879 -0.372882 0 0.372882 -0.927879 -1 0 0 LS21.DAT
1 16 194.011 -13.6037 40 0 -0.927338 -0.374224 0 0.374224 -0.927338 -1 0 0 LS21.DAT
1 16 193.698 -13.4771 40 0 -0.926606 -0.376033 0 0.376033 -0.926606 -1 0 0 LS21.DAT
1 16 193.382 -13.3491 40 0 -0.925663 -0.378348 0 0.378348 -0.925663 -1 0 0 LS21.DAT
1 16 193.065 -13.2196 40 0 -0.924484 -0.381221 0 0.381221 -0.924484 -1 0 0 LS21.DAT
1 16 192.746 -13.088 40 0 -0.923033 -0.384722 0 0.384722 -0.923033 -1 0 0 LS21.DAT
1 16 192.425 -12.9539 40 0 -0.921263 -0.38894 0 0.38894 -0.921263 -1 0 0 LS21.DAT
1 16 192.1 -12.817 40 0 -0.919113 -0.393994 0 0.393994 -0.919113 -1 0 0 LS21.DAT
1 16 191.773 -12.6767 40 0 -0.916498 -0.40004 0 0.40004 -0.916498 -1 0 0 LS21.DAT
1 16 191.442 -12.5323 40 0 -0.913301 -0.407286 0 0.407286 -0.913301 -1 0 0 LS21.DAT
1 16 191.108 -12.3834 40 0 -0.909359 -0.416013 0 0.416013 -0.909359 -1 0 0 LS21.DAT
1 16 190.771 -12.229 40 0 -0.904436 -0.426608 0 0.426608 -0.904436 -1 0 0 LS21.DAT
1 16 190.43 -12.0684 40 0 -0.898185 -0.439618 0 0.439618 -0.898185 -1 0 0 LS21.DAT
1 16 190.087 -11.9005 40 0 -0.890064 -0.455835 0 0.455835 -0.890064 -1 0 0 LS21.DAT
1 16 189.743 -11.7241 40 0 -0.879204 -0.476445 0 0.476445 -0.879204 -1 0 0 LS21.DAT
1 16 189.399 -11.5378 40 0 -0.864115 -0.503295 0 0.503295 -0.864115 -1 0 0 LS21.DAT
1 16 189.059 -11.3399 40 0 -0.842066 -0.539374 0 0.539374 -0.842066 -1 0 0 LS21.DAT
1 16 188.729 -11.1283 40 0 -0.807594 -0.589738 0 0.589738 -0.807594 -1 0 0 LS21.DAT
1 16 188.417 -10.9009 40 0 -0.748536 -0.663095 0 0.663095 -0.748536 -1 0 0 LS21.DAT
1 16 188.14 -10.6553 40 0 -0.634419 -0.772989 0 0.772989 -0.634419 -1 0 0 LS21.DAT
1 16 187.922 -10.3895 40 0 -0.385209 -0.922829 0 0.922829 -0.385209 -1 0 0 LS21.DAT
1 16 187.803 -10.1035 40 0 0.119292 -0.992859 0 0.992859 0.119292 -1 0 0 LS21.DAT
1 16 187.839 -9.80142 40 0 0.643697 -0.765281 0 0.765281 0.643697 -1 0 0 LS21.DAT
1 16 188.096 -9.4955 40 0 0.873376 -0.487046 0 0.487046 0.873376 -1 0 0 LS21.DAT
1 16 188.615 -9.20638 40 0 0.948756 -0.316011 0 0.316011 0.948756 -1 0 0 LS21.DAT
1 16 189.37 -8.95476 40 0 0.975795 -0.218687 0 0.218687 0.975795 -1 0 0 LS21.DAT
1 16 190.283 -8.75014 40 0 0.98703 -0.160535 0 0.160535 0.98703 -1 0 0 LS21.DAT
1 16 191.268 -8.58994 40 0 0.992357 -0.123397 0 0.123397 0.992357 -1 0 0 LS21.DAT
1 16 192.264 -8.4661 40 0 0.995172 -0.098148 0 0.098148 0.995172 -1 0 0 LS21.DAT
1 16 193.237 -8.37019 40 0 0.996791 -0.080045 0 0.080045 0.996791 -1 0 0 LS21.DAT
1 16 194.169 -8.29533 40 0 0.997787 -0.066487 0 0.066487 0.997787 -1 0 0 LS21.DAT
1 16 195.054 -8.23633 40 0 0.998433 -0.055968 0 0.055968 0.998433 -1 0 0 LS21.DAT
1 16 195.891 -8.18941 40 0 0.998868 -0.047569 0 0.047569 0.998868 -1 0 0 LS21.DAT
1 16 196.681 -8.15178 40 0 0.999171 -0.040705 0 0.040705 0.999171 -1 0 0 LS21.DAT
1 16 197.427 -8.12141 40 0 0.999388 -0.034985 0 0.034985 0.999388 -1 0 0 LS21.DAT
1 16 198.131 -8.09676 40 0 0.999546 -0.03014 0 0.03014 0.999546 -1 0 0 LS21.DAT
1 16 198.796 -8.0767 40 0 0.999662 -0.025981 0 0.025981 0.999662 -1 0 0 LS21.DAT
1 16 199.426 -8.06033 40 0 0.99975 -0.022368 0 0.022368 0.99975 -1 0 0 LS21.DAT
1 16 200.023 -8.04698 40 0 0.999816 -0.019198 0 0.019198 0.999816 -1 0 0 LS21.DAT
1 16 200.589 -8.0361 40 0 0.999866 -0.016391 0 0.016391 0.999866 -1 0 0 LS21.DAT
1 16 201.128 -8.02728 40 0 0.999904 -0.013888 0 0.013888 0.999904 -1 0 0 LS21.DAT
1 16 201.64 -8.02016 40 0 0.999932 -0.01164 0 0.01164 0.999932 -1 0 0 LS21.DAT
1 16 202.128 -8.01448 40 0 0.999954 -0.009609 0 0.009609 0.999954 -1 0 0 LS21.DAT
1 16 202.594 -8.01 40 0 0.99997 -0.007764 0 0.007764 0.99997 -1 0 0 LS21.DAT
1 16 203.04 -8.00654 40 0 0.999982 -0.006079 0 0.006079 0.999982 -1 0 0 LS21.DAT
1 16 203.466 -8.00395 40 0 0.99999 -0.004535 0 0.004535 0.99999 -1 0 0 LS21.DAT
1 16 203.873 -8.0021 40 0 0.999995 -0.003113 0 0.003113 0.999995 -1 0 0 LS21.DAT
1 16 204.264 -8.00089 40 0 0.999998 -0.0018 0 0.0018 0.999998 -1 0 0 LS21.DAT
1 16 204.64 -8.00021 40 0 1 -0.000583 0 0.000583 1 -1 0 0 LS20.DAT
0 SYNTH SYNTHESIZED END
0 SYNTH END
0 STEP
0 SYNTH BEGIN PNEUMATIC_HOSE 16
0 SYNTH SHOW
0 MLCAD HIDE 1 7 153 -20 102 0 1 0 0 0 1 1 0 0 LS00.DAT
0 MLCAD HIDE 1 7 83 -61 100 0 1 0 0 0 1 1 0 0 LS00.DAT
0 MLCAD HIDE 1 7 63 -61 100 0 1 0 0 0 1 1 0 0 LS00.DAT
0 MLCAD HIDE 1 7 -9 -61 99 0 1 0 0 0 1 1 0 0 LS00.DAT
0 MLCAD HIDE 1 7 3 -8 40 0 -1 0 0 0 1 -1 0 0 LS00.DAT
0 SYNTH SYNTHESIZED BEGIN
1 16 153 -20 102 -0.000128 0.999997 0.002633 0 0.002633 -0.999997 1 0.000128 0 LS20.DAT
1 16 152.522 -20.0013 102 -0.000391 -0.999968 -0.008006 -2e-006 -0.008006 0.999968 1 -0.000391 -1e-006 LS21.DAT
1 16 152.041 -20.0051 102 -0.000661 -0.999908 -0.013558 -6e-006 -0.013558 0.999908 1 -0.000661 -3e-006 LS21.DAT
1 16 151.555 -20.0117 101.999 -0.000941 -0.999813 -0.019297 -1.2e-005 -0.019297 0.999814 1 -0.000941 -7e-006 LS21.DAT
1 16 151.066 -20.0211 101.999 -0.001231 -0.999681 -0.025229 -1.9e-005 -0.025229 0.999682 0.999999 -0.001231 -1.2e-005 LS21.DAT
1 16 150.574 -20.0336 101.998 -0.00153 -0.999507 -0.031362 -2.8e-005 -0.031362 0.999508 0.999999 -0.00153 -2e-005 LS21.DAT
1 16 150.078 -20.0491 101.998 -0.001839 -0.999287 -0.037704 -4e-005 -0.037704 0.999289 0.999998 -0.001839 -2.9e-005 LS21.DAT
1 16 149.578 -20.068 101.997 -0.002159 -0.999018 -0.044265 -5.4e-005 -0.044265 0.99902 0.999998 -0.002159 -4.2e-005 LS21.DAT
1 16 149.075 -20.0903 101.996 -0.00249 -0.998693 -0.051052 -7.1e-005 -0.051052 0.998696 0.999997 -0.00249 -5.6e-005 LS21.DAT
1 16 148.569 -20.1161 101.994 -0.002832 -0.998308 -0.058074 -9.1e-005 -0.058074 0.998312 0.999996 -0.002833 -7.4e-005 LS21.DAT
1 16 148.06 -20.1458 101.993 -0.003187 -0.997858 -0.065341 -0.000114 -0.065341 0.997863 0.999995 -0.003187 -9.4e-005 LS21.DAT
1 16 147.548 -20.1793 101.991 -0.003553 -0.997336 -0.072862 -0.000141 -0.072862 0.997342 0.999994 -0.003554 -0.000118 LS21.DAT
1 16 147.033 -20.2169 101.989 -0.003933 -0.996735 -0.080646 -0.000172 -0.080646 0.996743 0.999992 -0.003934 -0.000146 LS21.DAT
1 16 146.516 -20.2588 101.987 -0.004326 -0.996049 -0.088703 -0.000207 -0.088703 0.996058 0.999991 -0.004327 -0.000178 LS21.DAT
1 16 145.996 -20.305 101.985 -0.004732 -0.995269 -0.097043 -0.000246 -0.097043 0.99528 0.999989 -0.004734 -0.000214 LS21.DAT
1 16 145.474 -20.3559 101.983 -0.005153 -0.994387 -0.105676 -0.000291 -0.105676 0.994401 0.999987 -0.005155 -0.000255 LS21.DAT
1 16 144.95 -20.4116 101.98 -0.005589 -0.993395 -0.114612 -0.000341 -0.114612 0.99341 0.999984 -0.005591 -0.000302 LS21.DAT
1 16 144.425 -20.4722 101.977 -0.006039 -0.992281 -0.123861 -0.000397 -0.123861 0.9923 0.999982 -0.006042 -0.000354 LS21.DAT
1 16 143.898 -20.538 101.974 -0.006506 -0.991037 -0.133432 -0.00046 -0.133432 0.991058 0.999979 -0.006509 -0.000412 LS21.DAT
1 16 143.369 -20.6091 101.97 -0.006988 -0.98965 -0.143335 -0.00053 -0.143335 0.989674 0.999975 -0.006992 -0.000477 LS21.DAT
1 16 142.84 -20.6858 101.967 -0.007487 -0.988108 -0.15358 -0.000608 -0.15358 0.988136 0.999972 -0.007492 -0.000549 LS21.DAT
1 16 142.31 -20.7681 101.963 -0.008003 -0.986399 -0.164176 -0.000694 -0.164176 0.986431 0.999968 -0.008009 -0.00063 LS21.DAT
1 16 141.78 -20.8564 101.958 -0.008537 -0.984508 -0.17513 -0.000788 -0.17513 0.984545 0.999963 -0.008543 -0.000719 LS21.DAT
1 16 141.25 -20.9507 101.954 -0.009088 -0.982422 -0.186452 -0.000893 -0.186451 0.982464 0.999958 -0.009095 -0.000817 LS21.DAT
1 16 140.719 -21.0513 101.949 -0.009657 -0.980125 -0.198147 -0.001008 -0.198146 0.980172 0.999953 -0.009666 -0.000925 LS21.DAT
1 16 140.19 -21.1584 101.943 -0.010245 -0.9776 -0.210222 -0.001135 -0.210221 0.977653 0.999947 -0.010255 -0.001045 LS21.DAT
1 16 139.661 -21.2721 101.938 -0.010851 -0.974831 -0.222681 -0.001273 -0.222681 0.974891 0.99994 -0.010862 -0.001175 LS21.DAT
1 16 139.134 -21.3925 101.932 -0.011477 -0.9718 -0.235529 -0.001425 -0.235528 0.971866 0.999933 -0.011489 -0.001319 LS21.DAT
1 16 138.608 -21.52 101.926 -0.01212 -0.968488 -0.248767 -0.00159 -0.248766 0.968562 0.999925 -0.012135 -0.001475 LS21.DAT
1 16 138.084 -21.6545 101.919 -0.012783 -0.964876 -0.262395 -0.00177 -0.262394 0.964959 0.999917 -0.0128 -0.001646 LS21.DAT
1 16 137.563 -21.7963 101.912 -0.013465 -0.960945 -0.276411 -0.001966 -0.27641 0.961038 0.999907 -0.013483 -0.001832 LS21.DAT
1 16 137.044 -21.9455 101.905 -0.014164 -0.956675 -0.290812 -0.002179 -0.290811 0.956778 0.999897 -0.014186 -0.002035 LS21.DAT
1 16 136.529 -22.1022 101.897 -0.014883 -0.952047 -0.305591 -0.002409 -0.30559 0.95216 0.999886 -0.014907 -0.002254 LS21.DAT
1 16 136.017 -22.2666 101.889 -0.015618 -0.947039 -0.320739 -0.002659 -0.320737 0.947164 0.999874 -0.015646 -0.002492 LS21.DAT
1 16 135.509 -22.4387 101.881 -0.016371 -0.941633 -0.336242 -0.002927 -0.336241 0.941771 0.999862 -0.016402 -0.002748 LS21.DAT
1 16 135.005 -22.6187 101.872 -0.01714 -0.93581 -0.352087 -0.003217 -0.352086 0.935962 0.999848 -0.017175 -0.003025 LS21.DAT
1 16 134.505 -22.8065 101.863 -0.017924 -0.929552 -0.368255 -0.003527 -0.368253 0.929719 0.999833 -0.017964 -0.003322 LS21.DAT
1 16 134.011 -23.0024 101.854 -0.018723 -0.922842 -0.384723 -0.00386 -0.384721 0.923025 0.999817 -0.018767 -0.003641 LS21.DAT
1 16 133.522 -23.2063 101.844 -0.019535 -0.915665 -0.401467 -0.004216 -0.401464 0.915865 0.9998 -0.019584 -0.003982 LS21.DAT
1 16 133.038 -23.4182 101.833 -0.020358 -0.908009 -0.418457 -0.004596 -0.418454 0.908226 0.999782 -0.020412 -0.004346 LS21.DAT
1 16 132.561 -23.6383 101.823 -0.021191 -0.899862 -0.43566 -0.004999 -0.435657 0.900099 0.999763 -0.021252 -0.004734 LS21.DAT
