0 Untitled
0 Name: TouchSensorBlock.ldr
0 Author: MLCad
0 Unofficial Model
0 ROTATION CENTER 0 0 0 1 "Custom"
0 ROTATION CONFIG 0 0
1 7 0 0 20 1 0 0 0 1 0 0 0 1 3738.DAT
1 7 80 -8 20 1 0 0 0 1 0 0 0 1 3738.DAT
1 7 -80 -8 20 1 0 0 0 1 0 0 0 1 3738.DAT
0 STEP
1 2 -10 -32 20 0 0 -1 0 1 0 1 0 0 32064.DAT
1 2 10 -32 20 0 0 -1 0 1 0 1 0 0 32064.DAT
1 4 -50 -32 20 0 0 -1 0 1 0 1 0 0 3004.DAT
1 4 50 -32 20 0 0 -1 0 1 0 1 0 0 3004.DAT
1 7 140 -32 10 0 0 -1 0 1 0 1 0 0 879.DAT
1 0 140 -48 20 0 0 1 0 1 0 -1 0 0 5306.DAT
1 0 -140 -48 20 0 0 1 0 1 0 -1 0 0 5306.DAT
1 7 -140 -32 10 0 0 -1 0 1 0 1 0 0 879.DAT
0 STEP
1 0 0 -21 20 -1 0 0 0 1 0 0 0 -1 4519.DAT
1 7 0 -39 20 -1 0 0 0 1 0 0 0 -1 3022.DAT
1 15 0 -47 20 -1 0 0 0 1 0 0 0 -1 4032.DAT
0 STEP
1 7 -30 -20 -42 0 1 0 -1 0 0 0 0 1 2825.DAT
1 0 1 -20 -42 -1 0 0 0 -1 0 0 0 1 3705.DAT
0 STEP
1 101118063 0 -20 -70 1 0 0 0 1 0 0 0 1 32137.DAT
0 STEP
1 7 31 -20 -42 0 -1 0 1 0 0 0 0 1 2825.DAT
0 STEP
1 14 -137.883 -27 75.866 0.707107 0 0.707107 0 1 0 -0.707107 0 0.707107 32009.DAT
0 STEP
1 0 -109.599 -37 47.582 0 0.707107 0.707107 -1 0 0 0 -0.707107 0.707107 3673.DAT
1 0 -251.02 -37 -37.271 0 0.707107 0.707107 -1 0 0 0 -0.707107 0.707107 32062.DAT
1 0 -81.313 -32 19.298 0 0.707107 0.707107 -1 0 0 0 -0.707107 0.707107 4519.DAT
0 STEP
1 7 -251.02 -47 -37.271 0 -0.707107 -0.707107 -1 0 0 0 0.707107 -0.707107 6536.DAT
1 7 -95.457 -42 5.155 -0.707107 -0.707107 0 0 0 -1 0.707107 -0.707107 0 6575.DAT
0 STEP
1 0 -272.234 -47 -30.201 -0.707107 0.707107 0 0 0 -1 -0.707107 -0.707107 0 3673.DAT
1 14 136.475 -27 77.281 -0.707107 0 -0.707107 0 -1 0 -0.707107 0 0.707107 32009.DAT
1 0 108.191 -37 48.997 0 -0.707107 -0.707107 1 0 0 0 -0.707107 0.707107 3673.DAT
1 0 249.612 -37 -35.856 0 -0.707107 -0.707107 1 0 0 0 -0.707107 0.707107 32062.DAT
1 0 79.905 -30 20.713 0 -0.707107 -0.707107 1 0 0 0 -0.707107 0.707107 4519.DAT
1 7 249.612 -47 -35.856 0 0.707107 0.707107 1 0 0 0 0.707107 -0.707107 6536.DAT
1 7 94.049 -42 6.57 0.707107 0.707107 0 0 0 1 0.707107 -0.707107 0 6575.DAT
1 0 270.826 -47 -28.786 0.707107 -0.707107 0 0 0 1 -0.707107 -0.707107 0 3673.DAT
0 STEP
1 7 -80.095 -55 18.085 1 0 0 0 1 0 0 0 1 3738.DAT
1 7 79.905 -55 18.085 1 0 0 0 1 0 0 0 1 3738.DAT
1 7 0 -63 18.085 1 0 0 0 1 0 0 0 1 3832.DAT
0
