0 FILE HexapodMkI.ldr
0 LMSHexapodMkI
0 Name: HexapodMkI.ldr
0 Author:
0 Note-The leg cogs must be placed at different orientations.
0 Author: Danny Staple
0 ROTATION CENTER 0 0 0 1 "Custom"
0 ROTATION CONFIG 0 0
1 7 -50 0 -140 1 0 0 0 1 0 0 0 1 32001.DAT
1 7 -50 0 140 1 0 0 0 1 0 0 0 1 32001.DAT
1 7 -50 0 30 1 0 0 0 1 0 0 0 1 3666.DAT
1 7 -70 0 -100 1 0 0 0 1 0 0 0 1 3709B.DAT
0 STEP
1 4 -100 -24 0 0 0 1 0 1 0 -1 0 0 3703.DAT
1 7 -30 -24 30 1 0 0 0 1 0 0 0 1 3700.DAT
1 0 0 -24 0 0 0 1 0 1 0 -1 0 0 3703.DAT
0 STEP
1 0 10 -11 40 1 0 0 0 1 0 0 0 1 4459.DAT
1 0 10 -11 -140 1 0 0 0 1 0 0 0 1 4459.DAT
1 0 10 -11 140 1 0 0 0 1 0 0 0 1 4459.DAT
1 0 10 -11 -40 1 0 0 0 1 0 0 0 1 4459.DAT
0 STEP
1 7 70 0 30 1 0 0 0 1 0 0 0 1 3666.DAT
1 7 90 0 -100 1 0 0 0 1 0 0 0 1 3709B.DAT
1 7 70 0 140 1 0 0 0 1 0 0 0 1 32001.DAT
1 7 50 -24 30 1 0 0 0 1 0 0 0 1 3700.DAT
1 0 20 -24 0 0 0 1 0 1 0 -1 0 0 3703.DAT
1 4 120 -24 0 0 0 1 0 1 0 -1 0 0 3703.DAT
1 0 -20 -24 180 0 0 1 0 1 0 -1 0 0 3894.DAT
1 7 -10 -14 199 1 0 0 0 1 0 0 0 1 3673.DAT
1 7 -10 -14 180 1 0 0 0 1 0 0 0 1 3673.DAT
1 7 70 0 -140 1 0 0 0 1 0 0 0 1 32001.DAT
0 STEP
1 9 11 -13 200 1 0 0 0 1 0 0 0 1 32137.DAT
0 STEP
1 0 40 -24 180 0 0 1 0 1 0 -1 0 0 3894.DAT
1 0 -100 -48 120 0 0 1 0 1 0 -1 0 0 3701.DAT
1 0 120 -48 120 0 0 1 0 1 0 -1 0 0 3701.DAT
1 0 -100 -48 -120 0 0 1 0 1 0 -1 0 0 3701.DAT
1 0 120 -48 -120 0 0 1 0 1 0 -1 0 0 3701.DAT
1 0 -100 -47 -20 0 0 1 0 1 0 -1 0 0 3700.DAT
1 0 120 -47 -20 0 0 1 0 1 0 -1 0 0 3700.DAT
1 7 29 -14 180 1 0 0 0 1 0 0 0 1 3673.DAT
1 7 29 -14 199 1 0 0 0 1 0 0 0 1 3673.DAT
1 0 -50 -24 -120 0 0 1 0 1 0 -1 0 0 3001.DAT
1 0 70 -24 -120 0 0 1 0 1 0 -1 0 0 3001.DAT
0 STEP
1 0 -100 -71 -20 0 0 1 0 1 0 -1 0 0 3700.DAT
1 0 120 -71 -20 0 0 1 0 1 0 -1 0 0 3700.DAT
1 0 120 -72 -120 0 0 1 0 1 0 -1 0 0 3701.DAT
1 0 -100 -72 -120 0 0 1 0 1 0 -1 0 0 3701.DAT
1 0 -100 -72 120 0 0 1 0 1 0 -1 0 0 3701.DAT
1 0 120 -72 120 0 0 1 0 1 0 -1 0 0 3701.DAT
1 4 -50 -48 -120 0 0 1 0 1 0 -1 0 0 3001.DAT
1 4 70 -48 -120 0 0 1 0 1 0 -1 0 0 3001.DAT
1 1 -10 -47 -90 1 0 0 0 1 0 0 0 1 3700.DAT
1 1 30 -48 -90 1 0 0 0 1 0 0 0 1 3700.DAT
1 1 -10 -48 -150 1 0 0 0 1 0 0 0 1 3700.DAT
1 1 30 -48 -150 1 0 0 0 1 0 0 0 1 3700.DAT
0 STEP
0 ROTSTEP -90 0 0 ABS
1 14 10 8 140 1 0 0 0 1 0 0 0 1 3020.DAT
1 14 10 8 -140 1 0 0 0 1 0 0 0 1 3020.DAT
0 STEP
0 ROTSTEP END
1 0 -100 -96 0 0 0 1 0 1 0 -1 0 0 3703.DAT
1 0 120 -96 0 0 0 1 0 1 0 -1 0 0 3703.DAT
0 STEP
1 0 -101 -86 -60 1 0 0 0 1 0 0 0 1 4519.DAT
1 0 119 -86 -60 1 0 0 0 1 0 0 0 1 4519.DAT
1 7 -110 -86 60 -1 0 0 0 1 0 0 0 -1 3749.DAT
1 7 130 -86 60 1 0 0 0 1 0 0 0 1 3749.DAT
0 STEP
1 7 -120 -88 60 0 0 -1 0 1 0 1 0 0 3650A.DAT
1 7 -120 -88 -60 0 0 -1 0 1 0 1 0 0 3650A.DAT
1 7 140 -88 60 0 0 1 0 1 0 -1 0 0 3650A.DAT
1 7 140 -88 -60 0 0 1 0 1 0 -1 0 0 3650A.DAT
1 7 -80 -88 -60 0 0 1 0 1 0 -1 0 0 3649.DAT
1 7 100 -88 -60 0 0 1 0 1 0 -1 0 0 3649.DAT
0 STEP
1 7 -30 -120 -120 0 0 1 0 1 0 -1 0 0 71427C01.DAT
1 7 50 -120 -120 0 0 -1 0 1 0 1 0 0 71427C01.DAT
1 7 -80 -78 -120 0 0 -1 0 1 0 1 0 0 3647.DAT
1 7 100 -78 -120 0 0 -1 0 1 0 1 0 0 3647.DAT
0 STEP
1 7 140 -72 92 0 0 -1 0 1 0 1 0 0 CreatureLeg.dat
1 7 140 -72 -30 0 0 -1 0 1 0 1 0 0 CreatureLeg.dat
1 7 140 -72 -150 0 0 -1 0 1 0 1 0 0 CreatureLeg.dat
1 7 -120 -72 -90 0 0 1 0 1 0 -1 0 0 CreatureLeg.dat
1 7 -120 -72 30 0 0 1 0 1 0 -1 0 0 CreatureLeg.dat
1 7 -120 -72 150 0 0 1 0 1 0 -1 0 0 CreatureLeg.dat
0 STEP
1 7 8 -120 40 -1 0 0 0 1 0 0 0 -1 884.DAT
0 STEP
1 0 -50 -120 -120 0 0 -1 0 1 0 1 0 0 5306.DAT
1 0 -32 -128 0 0 0 -1 0 1 0 1 0 0 5306.DAT
1 0 70 -120 -120 0 0 -1 0 1 0 1 0 0 5306.DAT
1 0 48 -128 0 0 0 -1 0 1 0 1 0 0 5306.DAT
1 7 -100 -104 -60 0 0 -1 0 1 0 1 0 0 4477.DAT
1 7 120 -104 -60 0 0 -1 0 1 0 1 0 0 4477.DAT
1 1 -100 -120 100 0 0 -1 0 1 0 1 0 0 3894.DAT
1 1 120 -120 100 0 0 -1 0 1 0 1 0 0 3894.DAT
0 STEP
1 1 0 -144 -120 0 0 -1 0 1 0 1 0 0 3701.DAT
1 1 20 -144 -120 0 0 -1 0 1 0 1 0 0 3701.DAT
1 7 -100 -112 -20 0 0 -1 0 1 0 1 0 0 3666.DAT
1 7 120 -112 -20 0 0 -1 0 1 0 1 0 0 3666.DAT
1 7 -70 -112 -150 -1 0 0 0 1 0 0 0 -1 3710.DAT
1 7 90 -112 -150 -1 0 0 0 1 0 0 0 -1 3710.DAT
0 STEP
1 7 -70 -120 -150 -1 0 0 0 1 0 0 0 -1 3710.DAT
1 7 90 -120 -150 -1 0 0 0 1 0 0 0 -1 3710.DAT
1 7 -100 -120 -40 0 0 1 0 1 0 -1 0 0 3460.DAT
1 7 120 -120 -40 0 0 1 0 1 0 -1 0 0 3460.DAT
0 STEP
1 1 -20 -144 -100 0 0 1 0 1 0 -1 0 0 3700.DAT
1 1 40 -144 -100 0 0 1 0 1 0 -1 0 0 3700.DAT
1 0 -30 -144 -140 0 0 1 0 1 0 -1 0 0 3003.DAT
1 0 50 -144 -140 0 0 1 0 1 0 -1 0 0 3003.DAT
1 7 -110 -128 -80 0 0 1 0 1 0 -1 0 0 3738.DAT
1 7 130 -128 -80 0 0 1 0 1 0 -1 0 0 3738.DAT
1 7 -100 -128 80 0 0 1 0 1 0 -1 0 0 3460.DAT
1 7 120 -128 80 0 0 1 0 1 0 -1 0 0 3460.DAT
0 STEP
1 7 -10 -152 -120 0 0 1 0 1 0 -1 0 0 3709B.DAT
1 7 30 -152 -120 0 0 1 0 1 0 -1 0 0 3709B.DAT
1 14 11 -27 220 0 -1 0 -1 0 0 0 0 -1 32136.DAT
0 STEP
1 14 10 -35 300 1 0 0 0 1 0 0 0 1 TouchSensorBlock.ldr
1 0 -32 -128 100 0 0 -1 0 1 0 1 0 0 5306.DAT
1 0 48 -128 100 0 0 -1 0 1 0 1 0 0 5306.DAT
0
0 NOFILE
0 FILE CreatureLeg.dat
0 Untitled
0 Name: CreatureLeg.dat
0 Author: MLCad
0 Unofficial Model
0 ROTATION CENTER 0 0 0 1 "Custom"
0 ROTATION CONFIG 0 0
1 7 30 -14 0 0.707107 0.707107 0 -0.707107 0.707107 0 0 0 1 3648.DAT
1 7 30 -29 -13 0 0 -1 0 1 0 1 0 0 3673.DAT
0 STEP
1 7 30 -10 -22 0 1 0 0 0 1 1 0 0 3651.DAT
0 STEP
1 0 30 81 -22 0 1 0 -1 0 0 0 0 1 3737.DAT
1 7 30 58 -2 0 -1 0 1 0 0 0 0 1 3651.DAT
0 STEP
1 7 31 170 -24 0 1 0 0 0 -1 -1 0 0 4019.DAT
0 STEP
1 7 30 -12 10 0 1 0 0 0 -1 -1 0 0 3749.DAT
1 7 30 58 7 0 1 0 0 0 -1 -1 0 0 3749.DAT
0
0 NOFILE
0 FILE TouchSensorBlock.ldr
0 Untitled
0 Name: TouchSensorBlock.ldr
0 Author: MLCad
0 Unofficial Model
0 ROTATION CENTER 0 0 0 1 "Custom"
0 ROTATION CONFIG 0 0
1 7 0 0 20 1 0 0 0 1 0 0 0 1 3738.DAT
1 7 80 -8 20 1 0 0 0 1 0 0 0 1 3738.DAT
1 7 -80 -8 20 1 0 0 0 1 0 0 0 1 3738.DAT
0 STEP
1 2 -10 -32 20 0 0 -1 0 1 0 1 0 0 32064.DAT
1 2 10 -32 20 0 0 -1 0 1 0 1 0 0 32064.DAT
1 4 -50 -32 20 0 0 -1 0 1 0 1 0 0 3004.DAT
1 4 50 -32 20 0 0 -1 0 1 0 1 0 0 3004.DAT
1 7 140 -32 10 0 0 -1 0 1 0 1 0 0 879.DAT
1 0 140 -48 20 0 0 1 0 1 0 -1 0 0 5306.DAT
1 0 -140 -48 20 0 0 1 0 1 0 -1 0 0 5306.DAT
1 7 -140 -32 10 0 0 -1 0 1 0 1 0 0 879.DAT
0 STEP
1 0 0 -21 20 -1 0 0 0 1 0 0 0 -1 4519.DAT
1 7 0 -40 20 -1 0 0 0 1 0 0 0 -1 3022.DAT
1 15 0 -47 20 -1 0 0 0 1 0 0 0 -1 4032.DAT
0 STEP
1 7 -30 -20 -42 0 1 0 -1 0 0 0 0 1 2825.DAT
1 0 1 -20 -42 -1 0 0 0 -1 0 0 0 1 3705.DAT
0 STEP
1 1 0 -20 -60 -1 0 0 0 1 0 0 0 -1 32137.DAT
0 STEP
1 7 31 -20 -42 0 -1 0 1 0 0 0 0 1 2825.DAT
0 STEP
1 14 -137.883 -27 75.866 0.707107 0 0.707107 0 1 0 -0.707107 0 0.707107 32009.DAT
0 STEP
1 0 -109.599 -37 47.582 0 0.707107 0.707107 -1 0 0 0 -0.707107 0.707107 3673.DAT
1 0 -251.02 -37 -37.271 0 0.707107 0.707107 -1 0 0 0 -0.707107 0.707107 32062.DAT
1 0 -81.313 -32 19.298 0 0.707107 0.707107 -1 0 0 0 -0.707107 0.707107 4519.DAT
0 STEP
1 7 -251.02 -47 -37.271 0 -0.707107 -0.707107 -1 0 0 0 0.707107 -0.707107 6536.DAT
1 7 -95.457 -42 5.155 -0.707107 -0.707107 0 0 0 -1 0.707107 -0.707107 0 6575.DAT
0 STEP
1 0 -272.234 -47 -30.201 -0.707107 0.707107 0 0 0 -1 -0.707107 -0.707107 0 3673.DAT
1 14 136.475 -27 77.281 -0.707107 0 -0.707107 0 -1 0 -0.707107 0 0.707107 32009.DAT
1 0 108.191 -37 48.997 0 -0.707107 -0.707107 1 0 0 0 -0.707107 0.707107 3673.DAT
1 0 249.612 -37 -35.856 0 -0.707107 -0.707107 1 0 0 0 -0.707107 0.707107 32062.DAT
1 0 79.905 -30 20.713 0 -0.707107 -0.707107 1 0 0 0 -0.707107 0.707107 4519.DAT
1 7 249.612 -47 -35.856 0 0.707107 0.707107 1 0 0 0 0.707107 -0.707107 6536.DAT
1 7 94.049 -42 6.57 0.707107 0.707107 0 0 0 1 0.707107 -0.707107 0 6575.DAT
1 0 270.826 -47 -28.786 0.707107 -0.707107 0 0 0 1 -0.707107 -0.707107 0 3673.DAT
0 STEP
1 7 -80.095 -55 18.085 1 0 0 0 1 0 0 0 1 3738.DAT
1 7 79.905 -55 18.085 1 0 0 0 1 0 0 0 1 3738.DAT
1 7 0 -63 18.085 1 0 0 0 1 0 0 0 1 3832.DAT
1 14 -303.279 -48 -60.689 0.707107 0 -0.707107 0 1 0 0.707107 0 0.707107 75.DAT
1 14 298.4 -48 -60.689 -0.707107 0 -0.707107 0 1 0 0.707107 0 -0.707107 75.DAT
0
0
0 NOFILE
